user;month;x_f1;x_f2;x_f3
bta5_6;1;0.308448107;0.265869583;0.425682311
bta5_6;2;0.346472008;0.279518444;0.374009548
bta5_6;3;0.37138171;0.262377586;0.366240704
bta5_6;4;0.304723211;0.300856522;0.394420266
bta5_6;5;0.313722795;0.24647554;0.439801665
bta5_6;6;0.362568966;0.232789479;0.404641556
bta5_6;7;0.311687475;0.267277425;0.4210351
bta5_6;8;0.359335692;0.233759288;0.40690502
bta5_6;9;0.334091183;0.26319839;0.402710427
bta5_6;10;0.31696279;0.308747395;0.374289815
bta5_6;11;0.359902289;0.247828334;0.392269376
bta5_6;12;0.35956027;0.229183104;0.411256626
bta4_2;1;0.301342538;0.237846683;0.460810779
bta4_2;2;0.312406103;0.266853197;0.4207407
bta4_2;3;0.321445975;0.261393655;0.41716037
bta4_2;4;0.310701802;0.239661199;0.449636999
bta4_2;5;0.292558788;0.225155677;0.482285536
bta4_2;6;0.295381246;0.231747746;0.472871008
bta4_2;7;0.316267916;0.252523563;0.431208522
bta4_2;8;0.29946868;0.241610738;0.458920582
bta4_2;9;0.315917929;0.265388226;0.418693845
bta4_2;10;0.290526683;0.278545559;0.430927758
bta4_2;11;0.334694227;0.248322312;0.416983461
bta4_2;12;0.372225918;0.211991668;0.415782414
bta3_9;1;0.636785934;0.190464964;0.172749102
bta3_9;2;0.636436332;0.238326137;0.125237531
bta3_9;3;0.644040115;0.22376925;0.132190635
bta3_9;4;0.558592021;0.238986135;0.202421844
bta3_9;5;0.538019199;0.234519172;0.227461629
bta3_9;6;0.573891471;0.240451581;0.185656948
bta3_9;7;0.569727571;0.250996574;0.179275855
bta3_9;8;0.552624235;0.241990712;0.205385053
bta3_9;9;0.580991889;0.224120668;0.194887443
bta3_9;10;0.551785261;0.244591973;0.203622766
bta3_9;11;0.64744847;0.205376617;0.147174913
bta3_9;12;0.649386528;0.178777921;0.171835551
bta5_8;1;0.485269015;0.194276401;0.320454584
bta5_8;2;0.525827422;0.214193025;0.259979553
bta5_8;3;0.536074727;0.215352532;0.248572741
bta5_8;4;0.535686134;0.203046738;0.261267128
bta5_8;5;0.49579748;0.209966015;0.294236504
bta5_8;6;0.569993251;0.182675942;0.247330807
bta5_8;7;0.630586702;0.164400043;0.205013255
bta5_8;8;0.459642855;0.213794393;0.326562752
bta5_8;9;0.514554758;0.207865772;0.277579469
bta5_8;10;0.480775433;0.21772256;0.301502008
bta5_8;11;0.523044836;0.195647761;0.281307403
bta5_8;12;0.530231672;0.184317124;0.285451204
dom3_2;1;0.277172056;0.253671086;0.469156858
dom3_2;2;0.297063218;0.270480656;0.432456126
dom3_2;3;0.319798683;0.276311375;0.403889942
dom3_2;4;0.285063749;0.24007647;0.474859782
dom3_2;5;0.236129474;0.213572881;0.550297645
dom3_2;6;0.279011777;0.256465247;0.464522975
dom3_2;7;0.317361621;0.275508002;0.407130377
dom3_2;8;0.262651531;0.237815933;0.499532536
dom3_2;9;0.332780167;0.251449307;0.415770527
dom3_2;10;0.277507158;0.282591345;0.439901497
dom3_2;11;0.29464575;0.263302734;0.442051515
dom3_2;12;0.304362981;0.235613075;0.460023944
bta4_9;1;0.260281607;0.238687714;0.501030679
bta4_9;2;0.278428106;0.265117594;0.4564543
bta4_9;3;0.27348625;0.259732408;0.466781342
bta4_9;4;0.24940824;0.233011236;0.517580524
bta4_9;5;0.243943871;0.216045383;0.540010746
bta4_9;6;0.258940112;0.218592392;0.522467496
bta4_9;7;0.24440563;0.241140138;0.514454232
bta4_9;8;0.204450292;0.230102775;0.565446933
bta4_9;9;0.227830278;0.275501169;0.496668554
bta4_9;10;0.230709996;0.287116759;0.482173245
bta4_9;11;0.272993082;0.264075474;0.462931443
bta4_9;12;0.28242122;0.240633156;0.476945624
dom3_6;1;0.260674658;0.351473639;0.387851703
dom3_6;2;0.24160217;0.443924946;0.314472885
dom3_6;3;0.227339891;0.478671038;0.293989071
dom3_6;4;0.20936458;0.461398495;0.329236925
dom3_6;5;0.189828172;0.452867904;0.357303924
dom3_6;6;0.197634535;0.418837252;0.383528214
dom3_6;7;0.174894511;0.484341158;0.340764331
dom3_6;8;0.41426424;0.279024752;0.306711009
dom3_6;9;0.247225641;0.428221417;0.324552943
dom3_6;10;0.228797376;0.490005082;0.281197542
dom3_6;11;0.254561076;0.411930249;0.333508675
dom3_6;12;0.296178278;0.338252473;0.365569249
bta6l_c1;1;0.675677527;0.123691697;0.200630776
bta6l_c1;2;0.725989685;0.119766786;0.154243529
bta6l_c1;3;0.752615505;0.104884769;0.142499726
bta6l_c1;4;0.710778608;0.111119785;0.178101607
bta6l_c1;5;0.746914759;0.098855782;0.154229459
bta6l_c1;6;0.578672213;0.155651775;0.265676012
bta6l_c1;7;0.323565132;0.237183111;0.439251757
bta6l_c1;8;0.366758159;0.216412001;0.41682984
bta6l_c1;9;0.649047647;0.156452578;0.194499775
bta6l_c1;10;0.672035856;0.137916749;0.190047395
bta6l_c1;11;0.772037917;0.098963388;0.128998695
bta6l_c1;12;0.682349351;0.116642689;0.20100796
bta3_8;5;0.712831951;0.227940801;0.059227248
bta3_8;6;0.781958715;0.182119361;0.035921924
bta3_8;7;0.804419165;0.171849283;0.023731552
bta3_8;8;0.833781589;0.132942634;0.033275777
bta3_8;9;0.793967017;0.17616088;0.029872103
bta1_2;1;0.336406946;0.224373751;0.439219302
bta1_2;2;0.378735348;0.240383028;0.380881625
bta1_2;3;0.369247262;0.249483115;0.381269622
bta1_2;4;0.357017123;0.234917587;0.40806529
bta1_2;5;0.343778944;0.232016054;0.424205002
bta1_2;6;0.34577973;0.24913712;0.40508315
bta1_2;7;0.346545342;0.273288094;0.380166564
bta1_2;8;0.348221161;0.246727245;0.405051594
bta1_2;9;0.365617048;0.246501272;0.387881679
bta1_2;10;0.338157592;0.25867218;0.403170227
bta1_2;11;0.360530421;0.238221529;0.40124805
bta1_2;12;0.365823566;0.213602714;0.42057372
bta6_3;1;0.382271166;0.295710766;0.322018068
bta6_3;2;0.377192344;0.320718327;0.302089329
bta6_3;3;0.403226454;0.305750992;0.291022554
bta6_3;4;0.42060783;0.303542153;0.275850017
bta6_3;5;0.365384529;0.301652768;0.332962703
bta6_3;6;0.356463038;0.296421037;0.347115925
bta6_3;7;0.351744624;0.328122351;0.320133024
bta6_3;8;0.310841165;0.293628354;0.395530481
bta6_3;9;0.37847471;0.313382681;0.308142609
bta6_3;10;0.361626389;0.3370971;0.301276511
bta6_3;11;0.387388038;0.31917237;0.293439592
bta6_3;12;0.396093619;0.302846794;0.301059587
dom2_2;1;0.3093425;0.292972456;0.397685044
dom2_2;2;0.304732909;0.342266023;0.353001068
dom2_2;3;0.335337461;0.3218814;0.342781139
dom2_2;4;0.346717276;0.293945304;0.359337421
dom2_2;5;0.332815451;0.292240766;0.374943783
dom2_2;6;0.298031777;0.334804492;0.367163731
dom2_2;7;0.304129152;0.354800518;0.34107033
dom2_2;8;0.330750426;0.305156695;0.364092879
dom2_2;9;0.307567747;0.344323702;0.348108551
dom2_2;10;0.247993719;0.388459242;0.363547039
dom2_2;11;0.292603376;0.355421243;0.351975381
dom2_2;12;0.324668273;0.316396308;0.358935419
dom3_10;1;0.300013329;0.304040327;0.395946344
dom3_10;2;0.334597779;0.341926017;0.323476204
dom3_10;3;0.344485229;0.346566916;0.308947856
dom3_10;4;0.324696671;0.295926616;0.379376713
dom3_10;5;0.347546648;0.286749597;0.365703755
dom3_10;6;0.285821113;0.354423546;0.359755341
dom3_10;7;0.275971866;0.376101229;0.347926906
dom3_10;8;0.23744048;0.306277372;0.456282147
dom3_10;9;0.307408574;0.339395439;0.353195988
dom3_10;10;0.269225463;0.399181593;0.331592944
dom3_10;11;0.319926418;0.34480421;0.335269372
dom3_10;12;0.32753094;0.297628096;0.374840964
bta3_7;1;0.452083961;0.265276732;0.282639307
bta3_7;2;0.430188564;0.287938467;0.28187297
bta3_7;3;0.422202972;0.281148726;0.296648302
bta3_7;4;0.369799077;0.275600397;0.354600526
bta3_7;5;0.334887758;0.280209237;0.384903005
bta3_7;6;0.347371888;0.302475212;0.350152899
bta3_7;7;0.410873657;0.295976314;0.293150029
bta3_7;8;0.412239793;0.290204633;0.297555574
bta3_7;9;0.461389318;0.321413198;0.217197483
bta3_7;10;0.374262416;0.30167984;0.324057744
bta3_7;11;0.420252219;0.296225217;0.283522565
bta3_7;12;0.461606846;0.256930272;0.281462882
bta1_10;1;0.358808131;0.258384801;0.382807068
bta1_10;2;0.446901422;0.272218609;0.280879969
bta1_10;3;0.458465868;0.249299809;0.292234323
bta1_10;4;0.317217101;0.351705724;0.331077174
bta1_10;5;0.300144663;0.311898547;0.38795679
bta1_10;6;0.419846065;0.276270906;0.303883029
bta1_10;7;0.392846804;0.303728578;0.303424618
bta1_10;8;0.393532224;0.264117356;0.34235042
bta1_10;10;0.385787846;0.24516365;0.369048504
bta1_10;11;0.429646948;0.244659174;0.325693878
bta1_10;12;0.418851748;0.235437612;0.34571064
bta6l_5;1;0.389834986;0.202319174;0.40784584
bta6l_5;2;0.436316744;0.209017943;0.354665313
bta6l_5;3;0.508259767;0.189601911;0.302138322
bta6l_5;4;0.555251929;0.181546306;0.263201765
bta6l_5;5;0.576233006;0.168184572;0.255582422
bta6l_5;6;0.518537214;0.19196737;0.289495416
bta6l_5;7;0.506456224;0.214856301;0.278687475
bta6l_5;8;0.478065106;0.201528985;0.320405909
bta6l_5;9;0.541600174;0.189554054;0.268845772
bta6l_5;10;0.510755586;0.195575581;0.293668833
bta6l_5;11;0.432092319;0.205065149;0.362842532
bta6l_5;12;0.422319316;0.190142973;0.387537711
bta5_1;1;0.69353624;0.215595906;0.090867854
bta5_1;2;0.676040652;0.245037796;0.078921552
bta5_1;3;0.684857974;0.247891658;0.067250368
bta5_1;4;0.688487798;0.211491691;0.100020511
bta5_1;5;0.659258587;0.238544198;0.102197215
bta5_1;6;0.665077849;0.239526455;0.095395696
bta5_1;7;0.689864402;0.216202071;0.093933527
bta5_1;8;0.693865539;0.184964844;0.121169617
bta5_1;9;0.694055506;0.224877522;0.081066972
bta5_1;10;0.686678314;0.23748745;0.075834236
bta5_1;11;0.705984965;0.211749663;0.082265372
bta5_1;12;0.713357797;0.213607713;0.07303449
bta1_c1;1;0.160488717;0.253653458;0.585857825
bta1_c1;2;0.159167727;0.280350585;0.560481688
bta1_c1;3;0.216956967;0.253586066;0.529456967
bta1_c1;4;0.22420612;0.225408793;0.550385087
bta1_c1;5;0.258682606;0.212865441;0.528451953
bta1_c1;6;0.264736829;0.220079771;0.5151834
bta1_c1;7;0.254665593;0.231550777;0.51378363
bta1_c1;8;0.258484202;0.225694683;0.515821115
bta1_c1;9;0.160981264;0.234502692;0.604516044
bta1_c1;10;0.145603154;0.272901521;0.581495325
bta1_c1;11;0.175407545;0.265273804;0.559318651
bta1_c1;12;0.186925409;0.252985725;0.560088866
bta4_1;1;0.826861263;0.128243706;0.044895031
bta4_1;2;0.755361617;0.155016364;0.089622019
bta4_1;3;0.811401102;0.125289256;0.063309642
bta4_1;4;0.816253049;0.119349052;0.064397899
bta4_1;5;0.736825356;0.127948914;0.13522573
bta4_1;6;0.713201315;0.148729957;0.138068728
bta4_1;7;0.686330307;0.17042247;0.143247223
bta4_1;8;0.699963916;0.147837984;0.1521981
bta4_1;9;0.738209901;0.143678122;0.118111977
bta4_1;10;0.763552711;0.156091077;0.080356212
bta4_1;11;0.798420729;0.128864285;0.072714986
bta4_1;12;0.880929669;0.075995154;0.043075177
bta6l_4;1;0.308005529;0.269752223;0.422242248
bta6l_4;2;0.339055753;0.3319505;0.328993748
bta6l_4;3;0.345570371;0.33389454;0.320535089
bta6l_4;4;0.320086453;0.309863014;0.370050533
bta6l_4;5;0.342761451;0.292986259;0.364252289
bta6l_4;6;0.344714948;0.308956543;0.346328508
bta6l_4;7;0.346790797;0.322774135;0.330435068
bta6l_4;8;0.407653218;0.200856377;0.391490405
bta6l_4;9;0.355073071;0.307038779;0.33788815
bta6l_4;10;0.322031196;0.326601402;0.351367403
bta6l_4;11;0.340479571;0.327569309;0.33195112
bta6l_4;12;0.342748315;0.292646504;0.364605181
bta4_5;1;0.297484831;0.242187251;0.460327918
bta4_5;2;0.327963608;0.268838005;0.403198387
bta4_5;3;0.322155293;0.269388871;0.408455836
bta4_5;4;0.319719632;0.252017869;0.428262498
bta4_5;5;0.30384547;0.233415417;0.462739113
bta4_5;6;0.315270483;0.237475721;0.447253795
bta4_5;7;0.32023666;0.252426865;0.427336474
bta4_5;8;0.296703923;0.248122956;0.455173121
bta4_5;9;0.315731417;0.275312453;0.40895613
bta4_5;10;0.289878263;0.293118009;0.417003729
bta4_5;11;0.331467183;0.253919427;0.414613389
bta4_5;12;0.336269705;0.230971208;0.432759087
bta4_4;1;0.311603847;0.247721166;0.440674987
bta4_4;2;0.337335334;0.272803068;0.389861597
bta4_4;3;0.349750386;0.269760016;0.380489597
bta4_4;4;0.364160464;0.25611461;0.379724926
bta4_4;5;0.356230274;0.250246181;0.393523545
bta4_4;6;0.366378195;0.253902993;0.379718812
bta4_4;7;0.350545754;0.277105787;0.372348459
bta4_4;8;0.337950517;0.249368833;0.41268065
bta4_4;9;0.358473675;0.275835058;0.365691266
bta4_4;10;0.342579138;0.292532727;0.364888135
bta4_4;11;0.360722634;0.26579771;0.373479656
bta4_4;12;0.347841673;0.243497824;0.408660502
bta2_c4;1;0.291631352;0.24201852;0.466350128
bta2_c4;2;0.30131777;0.273917688;0.424764542
bta2_c4;3;0.332203352;0.25567171;0.412124938
bta2_c4;4;0.314921204;0.25534728;0.429731516
bta2_c4;5;0.373025351;0.258180414;0.368794235
bta2_c4;7;0.455003926;0.264905606;0.280090468
bta2_c4;8;0.49671466;0.225841341;0.277443999
bta2_c4;9;0.478437093;0.279313236;0.24224967
bta2_c4;10;0.367046992;0.30213556;0.330817448
bta2_c4;11;0.37191359;0.24584799;0.38223842
bta2_c4;12;0.390656961;0.237567328;0.371775711
bta3_c2;1;0.30931605;0.241905063;0.448778888
bta3_c2;2;0.348228043;0.262647732;0.389124224
bta3_c2;3;0.368559277;0.2521918;0.379248923
bta3_c2;4;0.295518366;0.252021692;0.452459942
bta3_c2;5;0.328689979;0.239666366;0.431643655
bta3_c2;6;0.321035828;0.237452891;0.441511281
bta3_c2;7;0.304858264;0.264967589;0.430174147
bta3_c2;8;0.32626207;0.238307879;0.435430051
bta3_c2;9;0.338355984;0.246721296;0.41492272
bta3_c2;10;0.309960174;0.260231906;0.42980792
bta3_c2;11;0.302898215;0.249220461;0.447881324
bta3_c2;12;0.316303485;0.257122847;0.426573669
bta2_6;1;0.714714645;0.130022753;0.155262602
bta2_6;2;0.70144348;0.144567093;0.153989427
bta2_6;3;0.712470186;0.145337178;0.142192636
bta2_6;4;0.776617053;0.148866324;0.074516623
bta2_6;5;0.72982719;0.173925162;0.096247648
bta2_6;6;0.631351073;0.240777352;0.127871575
bta2_6;7;0.674820875;0.186263501;0.138915624
bta2_6;8;0.603339257;0.185022937;0.211637806
bta2_6;9;0.636499706;0.157882076;0.205618218
bta2_6;10;0.696343748;0.151895985;0.151760267
bta2_6;11;0.701785975;0.153219135;0.14499489
bta2_6;12;0.71830399;0.122929472;0.158766538
bta2_10;1;0.850021981;0.059682612;0.090295407
bta2_10;2;0.80885888;0.09516684;0.09597428
bta2_10;3;0.858583435;0.076262348;0.065154217
bta2_10;4;0.812923603;0.098603518;0.088472879
bta2_10;5;0.705411301;0.11377509;0.180813609
bta2_10;6;0.652121519;0.15317858;0.194699901
bta2_10;7;0.694131387;0.140729927;0.165138686
bta2_10;8;0.552614792;0.163621156;0.283764052
bta2_10;9;0.70370038;0.132555093;0.163744527
bta2_10;10;0.765955659;0.101003493;0.133040848
bta2_10;11;0.875109897;0.06932143;0.055568673
bta2_10;12;0.887207678;0.059070417;0.053721905
dom1_1;1;0.291108714;0.233864314;0.475026972
dom1_1;2;0.323645044;0.25351025;0.422844707
dom1_1;3;0.334931901;0.247714048;0.417354051
dom1_1;4;0.315716548;0.241026656;0.443256796
dom1_1;5;0.308002045;0.229004218;0.462993736
dom1_1;6;0.318131111;0.237745259;0.44412363
dom1_1;7;0.323125997;0.256905901;0.419968102
dom1_1;8;0.322221511;0.236163542;0.441614947
dom1_1;9;0.331207259;0.248290373;0.420502367
dom1_1;10;0.302480796;0.261365067;0.436154137
dom1_1;11;0.314233624;0.246125798;0.439640578
dom1_1;12;0.320328802;0.227062915;0.452608283
bta3_5;1;0.690710226;0.246923492;0.062366282
bta3_5;2;0.681245534;0.283345986;0.03540848
bta3_5;3;0.747728009;0.239182695;0.013089296
bta3_5;4;0.697676377;0.226584805;0.075738818
bta3_5;5;0.552998246;0.302860262;0.144141492
bta3_5;6;0.558292755;0.28772261;0.153984635
bta3_5;7;0.581549316;0.321290827;0.097159857
bta3_5;8;0.669416984;0.263999754;0.066583262
bta3_5;9;0.651113571;0.285071552;0.063814877
bta3_5;10;0.565547774;0.321005873;0.113446353
bta3_5;11;0.657031055;0.245119572;0.097849373
bta3_5;12;0.681149009;0.212879222;0.105971769
bta2_7;4;0.025775326;0.34828332;0.625941354
bta2_7;5;0.024744388;0.337481326;0.637774286
bta2_7;6;0.054143384;0.32544329;0.620413326
bta2_7;7;0.080527663;0.232414803;0.687057534
bta2_7;8;0.123751919;0.317824408;0.558423673
bta2_7;9;0.039442066;0.258844826;0.701713108
bta2_7;10;0.045506216;0.27340192;0.681091864
bta2_7;11;0.035985218;0.179118712;0.78489607
bta2_7;12;0.077106702;0.100747331;0.822145967
dom4_4;1;0.331820609;0.377107009;0.291072382
dom4_4;2;0.333721954;0.391705727;0.274572319
dom4_4;3;0.364292084;0.384304674;0.251403242
dom4_4;4;0.338814786;0.357976762;0.303208452
dom4_4;5;0.284723025;0.316410316;0.398866659
dom4_4;6;0.294806001;0.311836041;0.393357958
dom4_4;7;0.36293121;0.264666258;0.372402531
dom4_4;8;0.278144481;0.295306197;0.426549322
dom4_4;9;0.289031995;0.442420887;0.268547118
dom4_4;10;0.299741003;0.43454843;0.265710567
dom4_4;12;0.366848699;0.326587429;0.306563872
dom4_9;1;0.3052677;0.285750243;0.408982057
dom4_9;2;0.334107564;0.323240495;0.342651941
dom4_9;3;0.378015675;0.323103669;0.298880656
dom4_9;4;0.362148856;0.303665709;0.334185435
dom4_9;5;0.352853612;0.244502458;0.40264393
dom4_9;6;0.32282969;0.247958748;0.429211563
dom4_9;7;0.367703484;0.259047504;0.373249013
dom4_9;8;0.365848743;0.240151215;0.394000042
dom4_9;9;0.380415575;0.280510463;0.339073961
dom4_9;10;0.366566662;0.297723416;0.335709922
dom4_9;11;0.367953449;0.265666393;0.366380158
dom4_9;12;0.329475414;0.224604985;0.445919601
bta1_3;1;0.189650919;0.253731343;0.556617738
bta1_3;2;0.188528574;0.306089855;0.505381571
bta1_3;3;0.191420876;0.291401169;0.517177955
bta1_3;4;0.190705128;0.238553114;0.570741758
bta1_3;5;0.199802627;0.222880134;0.577317239
bta1_3;6;0.21168598;0.222702791;0.565611229
bta1_3;7;0.227200364;0.234629672;0.538169964
bta1_3;8;0.197846568;0.23097054;0.571182892
bta1_3;9;0.179576484;0.275215938;0.545207578
bta1_3;10;0.169225056;0.288313939;0.542461005
bta1_3;11;0.21059261;0.277291267;0.512116123
bta1_3;12;0.207849168;0.264581909;0.527568923
bta6l_2;1;0.558170136;0.151755868;0.290073996
bta6l_2;2;0.555250001;0.185148977;0.259601022
bta6l_2;3;0.54533675;0.185824645;0.268838605
bta6l_2;4;0.525117918;0.17194563;0.302936452
bta6l_2;5;0.537934747;0.167944102;0.294121151
bta6l_2;6;0.52981692;0.182482957;0.287700123
bta6l_2;7;0.512976809;0.191755164;0.295268028
bta6l_2;8;0.438007594;0.191901995;0.37009041
bta6l_2;9;0.54274137;0.180774502;0.276484128
bta6l_2;10;0.50957082;0.195032826;0.295396354
bta6l_2;11;0.585067859;0.166002216;0.248929925
bta6l_2;12;0.560996683;0.154663605;0.284339712
bta6_c1;1;0.605104395;0.148760521;0.246135084
bta6_c1;2;0.634667484;0.160659864;0.204672652
bta6_c1;3;0.628403454;0.170928829;0.200667717
bta6_c1;4;0.628780655;0.149832183;0.221387162
bta6_c1;5;0.699545658;0.125279702;0.17517464
bta6_c1;6;0.583035122;0.157562117;0.259402761
bta6_c1;7;0.340523942;0.246422374;0.413053684
bta6_c1;8;0.347305865;0.231615574;0.421078562
bta6_c1;9;0.623663311;0.165567838;0.210768851
bta6_c1;10;0.641191921;0.159585854;0.199222225
bta6_c1;11;0.666095123;0.141061583;0.192843294
bta6_c1;12;0.61599873;0.144835556;0.239165714
dom4_5;1;0.329084;0.278744634;0.392171366
dom4_5;2;0.28027642;0.325023026;0.394700553
dom4_5;3;0.305315731;0.311046117;0.383638152
dom4_5;4;0.324097548;0.329689973;0.346212479
dom4_5;5;0.283320901;0.342252152;0.374426947
dom4_5;6;0.363861949;0.300024004;0.336114047
dom4_5;7;0.306134297;0.360077773;0.33378793
dom4_5;8;0.2511587;0.370246411;0.378594888
dom4_5;9;0.320226918;0.363079695;0.316693387
dom4_5;10;0.479609303;0.273674298;0.246716399
dom4_5;11;0.328153092;0.313551097;0.358295811
dom4_5;12;0.311321588;0.340791822;0.34788659
dom4_6;1;0.28194476;0.213549274;0.504505966
dom4_6;2;0.347317327;0.27767803;0.375004643
dom4_6;3;0.299812314;0.32217716;0.378010526
dom4_6;4;0.342461892;0.316886749;0.340651358
dom4_6;5;0.296020058;0.288677496;0.415302446
dom4_6;6;0.310299177;0.289585547;0.400115276
dom4_6;7;0.291435496;0.306478556;0.402085948
dom4_6;8;0.319349432;0.239346059;0.441304508
dom4_6;9;0.288796801;0.294544887;0.416658312
dom4_6;10;0.313991247;0.309915352;0.376093402
dom4_6;11;0.318428566;0.296200081;0.385371353
dom4_6;12;0.34006851;0.284865152;0.375066339
dom2_6;1;0.276496304;0.240919107;0.482584589
dom2_6;2;0.326509475;0.307203081;0.366287444
dom2_6;3;0.347640454;0.269704807;0.382654739
dom2_6;4;0.215019491;0.242077505;0.542903004
dom2_6;5;0.282496602;0.270673772;0.446829626
dom2_6;6;0.254662442;0.284318231;0.461019327
dom2_6;7;0.27852024;0.302948867;0.418530893
dom2_6;8;0.392348236;0.26369013;0.343961634
dom2_6;9;0.331996409;0.320594358;0.347409232
dom2_6;10;0.279188463;0.324292703;0.396518834
dom2_6;11;0.251167939;0.330906771;0.417925289
dom2_6;12;0.388224115;0.246902935;0.36487295
dom2_1;1;0.380148763;0.328318009;0.291533228
dom2_1;2;0.330088344;0.401466678;0.268444978
dom2_1;3;0.274651707;0.421400296;0.303947997
dom2_1;4;0.229517881;0.44390695;0.326575169
dom2_1;5;0.23107065;0.396287601;0.372641748
dom2_1;6;0.301848407;0.350509571;0.347642021
dom2_1;7;0.296245034;0.420847339;0.282907627
dom2_1;8;0.350491107;0.344743828;0.304765065
dom2_1;9;0.25851573;0.428675434;0.312808836
dom2_1;10;0.254782108;0.473088684;0.272129208
dom2_1;11;0.253741719;0.415844274;0.330414006
dom2_1;12;0.308887946;0.344002601;0.347109453
bta5_10;1;0.830835749;0.126829618;0.042334633
bta5_10;2;0.833077749;0.129671248;0.037251003
bta5_10;3;0.85782391;0.106490653;0.035685437
bta5_10;4;0.839780179;0.128094212;0.032125609
bta5_10;5;0.835354579;0.127888379;0.036757042
bta5_10;6;0.828338596;0.137147044;0.03451436
bta5_10;7;0.810866526;0.145692272;0.043441202
bta5_10;9;0.83015923;0.135468312;0.034372458
bta5_10;10;0.811558503;0.159354893;0.029086604
bta5_10;11;0.829665195;0.140226725;0.03010808
bta5_3;1;0.52006802;0.189288803;0.290643177
bta5_3;2;0.532704717;0.210739705;0.256555578
bta5_3;3;0.534754086;0.205467849;0.259778065
bta5_3;4;0.473864779;0.186515527;0.339619695
bta5_3;5;0.468659448;0.203130672;0.328209881
bta5_3;6;0.510363165;0.198365022;0.291271813
bta5_3;7;0.514682719;0.219671007;0.265646274
bta5_3;8;0.519052224;0.193116865;0.287830911
bta5_3;9;0.511989069;0.195135884;0.292875047
bta5_3;10;0.490169388;0.2101056;0.299725012
bta5_3;11;0.524904762;0.202269721;0.272825517
bta5_3;12;0.55187808;0.178505687;0.269616233
bta3_2;1;0.458010719;0.248622596;0.293366685
bta3_2;2;0.403044861;0.327515747;0.269439392
bta3_2;3;0.388553272;0.348801876;0.262644853
bta3_2;4;0.325947558;0.318178001;0.355874441
bta3_2;5;0.324532659;0.288452091;0.38701525
bta3_2;6;0.33376145;0.270026105;0.396212445
bta3_2;7;0.334065967;0.278053829;0.387880204
bta3_2;8;0.332070111;0.246141359;0.42178853
bta3_2;9;0.336792073;0.298719379;0.364488548
bta3_2;10;0.320865027;0.346493328;0.332641645
bta3_2;11;0.430613173;0.324611895;0.244774933
bta3_2;12;0.430204173;0.272959574;0.296836253
bta6_1;1;0.583308848;0.145186908;0.271504244
bta6_1;2;0.618013341;0.160747583;0.221239076
bta6_1;3;0.638613231;0.155580678;0.205806091
bta6_1;4;0.641805437;0.159423666;0.198770897
bta6_1;5;0.634032734;0.151622677;0.214344589
bta6_1;6;0.616522245;0.158550888;0.224926867
bta6_1;7;0.608424581;0.169474134;0.222101285
bta6_1;8;0.559996877;0.173150265;0.266852858
bta6_1;9;0.626053553;0.157378112;0.216568335
bta6_1;10;0.652706532;0.150928367;0.196365101
bta6_1;11;0.623303771;0.158466863;0.218229366
bta6_1;12;0.617823617;0.142239073;0.23993731
bta6_5;1;0.36074407;0.234001599;0.405254331
bta6_5;2;0.381027401;0.256113972;0.362858627
bta6_5;3;0.399053965;0.255622123;0.345323912
bta6_5;4;0.389018715;0.229572812;0.381408473
bta6_5;5;0.378724014;0.234238689;0.387037297
bta6_5;6;0.384871017;0.258026472;0.357102511
bta6_5;7;0.375223666;0.278186824;0.34658951
bta6_5;8;0.369208633;0.248100479;0.382690887
bta6_5;9;0.375210164;0.272954673;0.351835163
bta6_5;10;0.352241047;0.274756239;0.373002714
bta6_5;11;0.375707672;0.257987629;0.366304699
bta6_5;12;0.37175966;0.236218307;0.392022033
dom3_3;1;0.272653341;0.326798516;0.400548143
dom3_3;2;0.297645638;0.354988903;0.347365459
dom3_3;3;0.319338449;0.340529297;0.340132254
dom3_3;4;0.28002762;0.334814794;0.385157586
dom3_3;5;0.274095539;0.308093203;0.417811257
dom3_3;6;0.297502351;0.303894783;0.398602866
dom3_3;7;0.293720694;0.331236321;0.375042985
dom3_3;8;0.330446973;0.266150698;0.40340233
dom3_3;9;0.29748473;0.312960179;0.389555091
dom3_3;10;0.263845967;0.365909612;0.370244421
dom3_3;11;0.299456001;0.332067101;0.368476898
dom3_3;12;0.317716594;0.296892436;0.38539097
bta3_c3;1;0.267919211;0.226679192;0.505401597
bta3_c3;2;0.295477591;0.2499493;0.454573109
bta3_c3;3;0.311019837;0.245827143;0.443153019
bta3_c3;4;0.269153041;0.239114459;0.4917325
bta3_c3;5;0.315577607;0.231885415;0.452536978
bta3_c3;6;0.313235437;0.232616941;0.454147622
bta3_c3;7;0.30323185;0.247025761;0.449742389
bta3_c3;8;0.316993464;0.232959851;0.450046685
bta3_c3;10;0.278551532;0.257063271;0.464385197
bta3_c3;11;0.298004129;0.238128011;0.46386786
bta3_c3;12;0.301351735;0.219302392;0.479345873
bta2_8;3;0.873109094;0.102153408;0.024737498
bta2_8;7;0.854541182;0.102690636;0.042768182
bta2_8;8;0.841563055;0.109413854;0.049023091
bta2_8;12;0.874159021;0.089296636;0.036544343
bta1_6;1;0.406718154;0.219503117;0.373778729
bta1_6;2;0.403848176;0.245294922;0.350856903
bta1_6;3;0.408208319;0.2478551;0.343936581
bta1_6;4;0.372521246;0.256047069;0.371431684
bta1_6;5;0.350413916;0.254217751;0.395368333
bta1_6;6;0.350293333;0.26656;0.383146667
bta1_6;7;0.36091954;0.272249589;0.36683087
bta1_6;8;0.365973619;0.235971384;0.398054997
bta1_6;9;0.374500736;0.257620349;0.367878915
bta1_6;10;0.366013727;0.25900506;0.374981213
bta1_6;11;0.400296296;0.241580247;0.358123457
bta1_6;12;0.399354144;0.208728838;0.391917017
bta4_c1;1;0.280933545;0.214130046;0.504936409
bta4_c1;2;0.331563533;0.241419974;0.427016493
bta4_c1;3;0.340251848;0.242964149;0.416784004
bta4_c1;4;0.300887407;0.301250956;0.397861637
bta4_c1;5;0.283721429;0.32391992;0.392358651
bta4_c1;6;0.251977728;0.327652354;0.420369919
bta4_c1;7;0.260869647;0.312452044;0.426678308
bta4_c1;8;0.296503697;0.272207069;0.431289235
bta4_c1;9;0.273662322;0.381077028;0.34526065
bta4_c1;10;0.290796621;0.288238932;0.420964448
bta4_c1;11;0.37264045;0.250200472;0.377159078
bta4_c1;12;0.275649965;0.235579726;0.488770309
bta5_4;1;0.485623771;0.186565091;0.327811138
bta5_4;5;0.336535732;0.220227348;0.443236921
bta5_4;6;0.312564806;0.27922276;0.408212434
bta5_4;7;0.283539664;0.362428245;0.354032091
bta5_4;8;0.285140497;0.338375577;0.376483926
bta5_4;9;0.372326329;0.27197957;0.355694101
bta5_4;10;0.422711364;0.281619106;0.29566953
bta5_4;11;0.640011915;0.20112107;0.158867015
bta5_4;12;0.523953246;0.18685981;0.289186944
dom2_5;1;0.301919079;0.341052295;0.357028626
dom2_5;2;0.279832542;0.366588841;0.353578617
dom2_5;3;0.355950277;0.334131227;0.309918495
dom2_5;4;0.321002118;0.235569774;0.443428108
dom2_5;5;0.311200679;0.22783199;0.460967331
dom2_5;6;0.322554181;0.233062145;0.444383674
dom2_5;7;0.325576911;0.252940798;0.421482291
dom2_5;8;0.325482762;0.23156508;0.442952158
dom2_5;9;0.338705598;0.24388393;0.417410472
dom2_5;10;0.2890442;0.270648055;0.440307745
dom2_5;11;0.425393282;0.271836021;0.302770697
dom2_5;12;0.363375218;0.2926186;0.344006182
dom3_4;1;0.420323375;0.252786214;0.326890411
dom3_4;2;0.462281657;0.294028922;0.243689421
dom3_4;3;0.333473544;0.31679334;0.349733117
dom3_4;4;0.338319177;0.3627141;0.298966723
dom3_4;5;0.33276373;0.304041686;0.363194584
dom3_4;6;0.363707487;0.321518052;0.314774462
dom3_4;7;0.361178962;0.338825963;0.299995075
dom3_4;8;0.345032875;0.270035637;0.384931488
dom3_4;9;0.356481481;0.3580905;0.285428019
dom3_4;10;0.350086679;0.391438956;0.258474365
dom3_4;11;0.42280365;0.292489583;0.284706767
dom3_4;12;0.393681964;0.327945555;0.278372481
dom4_3;1;0.293316166;0.294424333;0.412259501
dom4_3;2;0.313303689;0.334975764;0.351720546
dom4_3;3;0.308682284;0.303277649;0.388040067
dom4_3;4;0.270971945;0.379768241;0.349259814
dom4_3;5;0.248692719;0.326340543;0.424966738
dom4_3;6;0.30399987;0.290487678;0.405512453
dom4_3;7;0.300730091;0.346350247;0.352919662
dom4_3;8;0.339020171;0.274624558;0.386355271
dom4_3;9;0.293774042;0.336169173;0.370056785
dom4_3;10;0.263400429;0.33259783;0.404001741
dom4_3;11;0.331501856;0.291654009;0.376844135
dom4_3;12;0.373199533;0.239935243;0.386865224
bta3_4;1;0.51215001;0.254722768;0.233127222
bta3_4;2;0.527204697;0.270705677;0.202089626
bta3_4;3;0.535037052;0.26898056;0.195982388
bta3_4;4;0.489490333;0.242397263;0.268112404
bta3_4;5;0.479842415;0.237619581;0.282538003
bta3_4;6;0.489489329;0.242398817;0.268111854
bta3_4;7;0.489907552;0.260351643;0.249740805
bta3_4;8;0.472267008;0.251065528;0.276667464
bta3_4;9;0.446583959;0.255242778;0.298173263
bta3_4;10;0.464673185;0.281164791;0.254162024
bta3_4;11;0.515794062;0.261332766;0.222873172
bta3_4;12;0.508687792;0.233471673;0.257840534
dom3_1;1;0.309540544;0.327226997;0.363232459
dom3_1;2;0.342362633;0.41150038;0.246136987
dom3_1;3;0.333393183;0.379606483;0.287000334
dom3_1;4;0.347784295;0.378749903;0.273465802
dom3_1;5;0.34531925;0.347711439;0.306969311
dom3_1;6;0.372726114;0.337407378;0.289866507
dom3_1;7;0.346468035;0.381225384;0.272306581
dom3_1;8;0.335361681;0.350029326;0.314608993
dom3_1;9;0.345639977;0.351351533;0.30300849
dom3_1;10;0.34832409;0.371561041;0.280114869
dom3_1;11;0.381347335;0.33390768;0.284744985
dom3_1;12;0.328818189;0.302402872;0.368778939
bta4_7;1;0.380513662;0.231394528;0.38809181
bta4_7;2;0.553115662;0.200862677;0.246021661
bta4_7;3;0.383874793;0.252264643;0.363860564
bta4_7;4;0.391729678;0.231637159;0.376633163
bta4_7;5;0.381603501;0.233758911;0.384637588
bta4_7;6;0.400202143;0.230443007;0.36935485
bta4_7;7;0.399307158;0.25411793;0.346574912
bta4_7;8;0.38167198;0.231477152;0.386850868
bta4_7;9;0.395556179;0.258494951;0.34594887
bta4_7;10;0.349968653;0.267908559;0.382122788
bta4_7;11;0.352493557;0.255306206;0.392200237
bta4_7;12;0.358977045;0.237497185;0.40352577
bta5_5;1;0.285083408;0.211696718;0.503219874
bta5_5;2;0.330465229;0.238698074;0.430836697
bta5_5;3;0.343483457;0.240275627;0.416240916
bta5_5;4;0.333036976;0.226057924;0.4409051
bta5_5;5;0.311431166;0.233402993;0.455165841
bta5_5;6;0.32832216;0.233340281;0.438337558
bta5_5;7;0.332360416;0.254077092;0.413562492
bta5_5;8;0.332889056;0.227485466;0.439625478
bta5_5;9;0.352926958;0.236192316;0.410880726
bta5_5;10;0.335764332;0.2456797;0.418555969
bta5_5;11;0.346627966;0.237603682;0.415768352
bta5_5;12;0.350145863;0.203084309;0.446769828
bta2_c2;2;0.396892983;0.229000232;0.374106785
bta2_c2;3;0.81221412;0.074393634;0.113392246
bta2_c2;4;0.866565205;0.050592297;0.082842498
bta2_c2;5;0.708144406;0.101697111;0.190158483
bta2_c2;6;0.47059026;0.250714163;0.278695577
bta2_c2;7;0.55586184;0.166489538;0.277648622
bta2_c2;8;0.431035055;0.197161145;0.371803801
bta2_c2;9;0.362109455;0.230038799;0.407851746
bta2_c2;12;0.35070295;0.209686868;0.439610182
bta1_4;1;0.369457313;0.232627399;0.397915288
bta1_4;2;0.382215289;0.246316519;0.371468192
bta1_4;3;0.329706766;0.254274168;0.416019065
bta1_4;4;0.324562864;0.234637802;0.440799334
bta1_4;5;0.320916433;0.230097247;0.448986319
bta1_4;6;0.330383006;0.237206308;0.432410686
bta1_4;7;0.334796238;0.25815047;0.407053292
bta1_4;8;0.353283792;0.22394055;0.422775658
bta1_4;9;0.590284006;0.266666667;0.143049327
bta1_4;10;0.464211154;0.315389204;0.220399642
bta1_4;12;0.421989871;0.217284757;0.360725372
bta1_5;1;0.286784025;0.270493957;0.442722018
bta1_5;2;0.359205426;0.27625969;0.364534884
bta1_5;3;0.295416415;0.315012415;0.38957117
bta1_5;4;0.304333971;0.256373486;0.439292543
bta1_5;5;0.29143205;0.252625171;0.455942779
bta1_5;6;0.299503414;0.255121043;0.445375543
bta1_5;7;0.311172245;0.269142595;0.41968516
bta1_5;8;0.306088533;0.249282369;0.444629098
bta1_5;9;0.302908277;0.275913497;0.421178225
bta1_5;10;0.273555814;0.302062633;0.424381553
bta1_5;11;0.314639577;0.271639299;0.413721124
bta1_5;12;0.320187427;0.249511909;0.430300664
bta4_10;1;0.422945828;0.242944465;0.334109707
bta4_10;2;0.437615634;0.267524352;0.294860013
bta4_10;3;0.442159138;0.248077738;0.309763125
bta4_10;4;0.430622313;0.262431675;0.306946012
bta4_10;5;0.409233585;0.249787142;0.340979273
bta4_10;6;0.418162281;0.265091528;0.316746191
bta4_10;7;0.453009338;0.254680923;0.292309739
bta4_10;8;0.440009538;0.239498192;0.32049227
bta4_10;9;0.432307769;0.278024334;0.289667897
bta4_10;10;0.420983997;0.285098205;0.293917798
bta4_10;11;0.434185937;0.257294521;0.308519542
bta4_10;12;0.455211466;0.222294553;0.322493981
dom4_1;1;0.28062855;0.339479746;0.379891704
dom4_1;2;0.335321811;0.364106182;0.300572007
dom4_1;3;0.294017759;0.326214289;0.379767952
dom4_1;4;0.271196973;0.384159158;0.344643869
dom4_1;5;0.259989049;0.322847643;0.417163309
dom4_1;6;0.310439377;0.292124848;0.397435775
dom4_1;7;0.325428195;0.253952569;0.420619236
dom4_1;8;0.409290596;0.180442564;0.41026684
dom4_1;9;0.313722573;0.309348093;0.376929334
dom4_1;10;0.247912285;0.361268613;0.390819102
dom4_1;11;0.302135802;0.39628181;0.301582388
dom4_1;12;0.359187191;0.297779281;0.343033529
bta6_c5;1;0.269945295;0.335903367;0.394151338
bta6_c5;2;0.271119302;0.364705281;0.364175417
bta6_c5;3;0.291398721;0.404940026;0.303661253
bta6_c5;4;0.178631439;0.407961064;0.413407498
bta6_c5;5;0.20906268;0.44975406;0.34118326
bta6_c5;6;0.286877943;0.333651521;0.379470536
bta6_c5;7;0.222792778;0.345991386;0.431215836
bta6_c5;8;0.270729214;0.350806452;0.378464334
bta6_c5;9;0.296447676;0.360792093;0.342760231
bta6_c5;10;0.222330991;0.372872873;0.404796135
bta6_c5;11;0.210644075;0.38425763;0.405098296
bta6_c5;12;0.266772439;0.336060743;0.397166818
bta1_7;6;0.786266698;0.171549098;0.042184204
bta4_3;1;0.399910143;0.242727171;0.357362687
bta4_3;2;0.424082514;0.264811705;0.311105781
bta4_3;3;0.441262785;0.259850675;0.298886539
bta4_3;4;0.446331289;0.253675549;0.299993162
bta4_3;5;0.380724552;0.245855483;0.373419965
bta4_3;6;0.406552134;0.262545737;0.33090213
bta4_3;7;0.408979369;0.289761883;0.301258748
bta4_3;8;0.411660734;0.256118817;0.332220449
bta4_3;9;0.427887212;0.270255676;0.301857113
bta4_3;10;0.41301355;0.270684319;0.316302131
bta4_3;11;0.429642308;0.253677665;0.316680027
bta4_3;12;0.432248891;0.234608773;0.333142336
bta2_4;1;0.276273726;0.224575425;0.499150849
bta2_4;2;0.298886018;0.25065688;0.450457102
bta2_4;3;0.299314821;0.255594917;0.445090261
bta2_4;4;0.307116867;0.220037517;0.472845617
bta2_4;5;0.248881392;0.21999672;0.531121888
bta2_4;6;0.258187747;0.251688796;0.490123457
bta2_4;7;0.282129716;0.256660903;0.461209381
bta2_4;8;0.253152388;0.230884457;0.515963155
bta2_4;9;0.269016953;0.267558344;0.463424703
bta2_4;10;0.260993754;0.310468314;0.428537932
bta2_4;11;0.336982832;0.266498886;0.396518282
bta2_4;12;0.312986206;0.225851437;0.461162357
bta6_c6;1;0.290899016;0.213614044;0.49548694
bta6_c6;2;0.27143817;0.226805913;0.501755917
bta6_c6;3;0.311191729;0.210427386;0.478380885
bta6_c6;4;0.261354637;0.192884042;0.545761321
bta6_c6;5;0.508915424;0.122776981;0.368307595
bta6_c6;6;0.6278524;0.121436061;0.250711539
bta6_c6;7;0.66398159;0.13652041;0.199498
bta6_c6;8;0.606666146;0.148505191;0.244828663
bta6_c6;9;0.740994418;0.111172203;0.147833379
bta6_c6;10;0.347387833;0.190963052;0.461649114
bta6_c6;11;0.322434686;0.219175271;0.458390043
bta6_c6;12;0.312376411;0.207726572;0.479897017
bta6l_3;1;0.477519524;0.340778239;0.181702237
bta6l_3;2;0.494551031;0.357636958;0.147812011
bta6l_3;3;0.516448719;0.34407624;0.139475041
bta6l_3;4;0.47352829;0.357123774;0.169347936
bta6l_3;5;0.417838891;0.36497363;0.217187479
bta6l_3;6;0.393643902;0.342294004;0.264062094
bta6l_3;7;0.379673045;0.369623142;0.250703813
bta6l_3;8;0.384224443;0.374182318;0.241593239
bta6l_3;9;0.431985159;0.372095479;0.195919362
bta6l_3;10;0.447928291;0.379638672;0.172433038
bta6l_3;11;0.472046962;0.359489144;0.168463894
bta6l_3;12;0.498738273;0.328333921;0.172927805
bta6_c4;1;0.48165405;0.202065877;0.316280073
bta6_c4;2;0.531303925;0.206946062;0.261750013
bta6_c4;3;0.55361549;0.182543959;0.263840551
bta6_c4;4;0.514481088;0.183416488;0.302102424
bta6_c4;5;0.693438987;0.127315366;0.179245647
bta6_c4;6;0.472973822;0.179643979;0.347382199
bta6_c4;7;0.321576126;0.24369174;0.434732134
bta6_c4;8;0.333031871;0.22731252;0.439655609
bta6_c4;9;0.610615219;0.160938244;0.228446537
bta6_c4;10;0.56421446;0.164769204;0.271016336
bta6_c4;11;0.549562717;0.182307543;0.26812974
bta6_c4;12;0.505318818;0.188923745;0.305757437
dom3_9;1;0.44546131;0.235496121;0.319042569
dom3_9;2;0.461188425;0.291124169;0.247687406
dom3_9;3;0.460238188;0.319510772;0.22025104
dom3_9;4;0.407616891;0.354243192;0.238139917
dom3_9;5;0.395290636;0.37250677;0.232202594
dom3_9;6;0.395648732;0.292664826;0.311686442
dom3_9;7;0.375620492;0.240359715;0.384019793
dom3_9;8;0.334832485;0.30158828;0.363579235
dom3_9;9;0.400007895;0.324395804;0.275596301
dom3_9;10;0.441600923;0.337577172;0.220821905
dom3_9;11;0.431452849;0.290235409;0.278311743
dom3_9;12;0.452709979;0.226825236;0.320464785
bta2_c1;1;0.111187293;0.259656039;0.629156668
bta2_c1;2;0.061642116;0.307164379;0.631193505
bta2_c1;3;0.037492052;0.299362143;0.663145805
bta2_c1;4;0.01553258;0.230680452;0.753786968
bta2_c1;5;0.014324837;0.196123868;0.789551295
bta2_c1;6;0.015064432;0.160868776;0.824066792
bta2_c1;7;0.014228342;0.161101549;0.824670109
bta2_c1;8;0.014161997;0.204584819;0.781253184
bta2_c1;9;0.017881952;0.288441716;0.693676332
bta2_c1;10;0.039760745;0.311912887;0.648326368
bta2_c1;11;0.130888951;0.277411666;0.591699383
bta2_c1;12;0.147942951;0.263933077;0.588123972
bta2_9;1;0.754495181;0.129489322;0.116015497
bta2_9;2;0.772231192;0.138861685;0.088907123
bta2_9;3;0.835092136;0.107748936;0.057158928
bta2_9;4;0.81356397;0.09923385;0.08720218
bta2_9;5;0.733023971;0.111419382;0.155556647
bta2_9;6;0.693201109;0.166914949;0.139883942
bta2_9;7;0.690716845;0.151330673;0.157952482
bta2_9;8;0.641737926;0.164580085;0.193681989
bta2_9;9;0.773938732;0.121884089;0.104177179
bta2_9;10;0.725124499;0.145361313;0.129514188
bta2_9;11;0.789264935;0.116905429;0.093829636
bta2_9;12;0.812127563;0.093112357;0.09476008
dom2_9;1;0.322116687;0.320809893;0.357073419
dom2_9;2;0.378758583;0.331333574;0.289907842
dom2_9;3;0.369171864;0.366807527;0.264020609
dom2_9;4;0.486136372;0.175234772;0.338628856
dom2_9;5;0.41248238;0.187964808;0.399552812
dom2_9;6;0.339913081;0.23013635;0.429950569
dom2_9;7;0.347161047;0.248858813;0.403980139
dom2_9;8;0.328252164;0.237566206;0.43418163
dom2_9;9;0.392457924;0.285443118;0.322098958
dom2_9;10;0.316179321;0.385738442;0.298082237
dom2_9;11;0.388984945;0.281745967;0.329269088
dom2_9;12;0.430701842;0.21613669;0.353161467
bta2_5;4;0.76412173;0.193400961;0.042477309
bta2_c5;1;0.279895195;0.22298964;0.497115165
bta2_c5;2;0.304891853;0.233715085;0.461393062
bta2_c5;3;0.323148282;0.23787276;0.438978957
bta2_c5;4;0.278886404;0.235625404;0.485488192
bta2_c5;5;0.31329835;0.231171891;0.455529759
bta2_c5;6;0.310508755;0.230882962;0.458608282
bta2_c5;7;0.298410357;0.24286401;0.458725633
bta2_c5;8;0.311273152;0.231388154;0.457338695
bta2_c5;9;0.315193354;0.24180002;0.443006626
bta2_c5;10;0.29252805;0.251899641;0.455572309
bta2_c5;11;0.297521653;0.242993099;0.459485247
bta2_c5;12;0.304340304;0.215941294;0.479718402
dom4_2;1;0.281079492;0.259640292;0.459280216
dom4_2;2;0.32838051;0.278866108;0.392753383
dom4_2;3;0.312442517;0.285497711;0.402059772
dom4_2;4;0.303681228;0.271189165;0.425129607
dom4_2;5;0.305258972;0.259667959;0.435073069
dom4_2;6;0.30308075;0.268775369;0.428143881
dom4_2;7;0.30628433;0.282231927;0.411483743
dom4_2;8;0.295414747;0.268229654;0.436355599
dom4_2;9;0.310136128;0.281774557;0.408089315
dom4_2;10;0.285610156;0.303832837;0.410557007
dom4_2;11;0.317312711;0.275031416;0.407655872
dom4_2;12;0.344852412;0.23852921;0.416618378
bta5_2;1;0.298755499;0.253428171;0.44781633
bta5_2;2;0.331172416;0.269890968;0.398936617
bta5_2;3;0.335558726;0.274611494;0.38982978
bta5_2;4;0.327690028;0.264018825;0.408291147
bta5_2;5;0.318256711;0.249018223;0.432725066
bta5_2;6;0.31411216;0.253480665;0.432407175
bta5_2;7;0.323877384;0.274249629;0.401872987
bta5_2;8;0.313788206;0.25200802;0.434203774
bta5_2;9;0.314510256;0.280532554;0.40495719
bta5_2;10;0.2940696;0.298179247;0.407751153
bta5_2;11;0.325686511;0.277026317;0.397287172
bta5_2;12;0.341291878;0.243123003;0.415585119
bta3_10;1;0.588204795;0.29778573;0.114009475
bta3_10;2;0.557377433;0.336293323;0.106329244
bta3_10;3;0.56002317;0.325388855;0.114587975
bta3_10;4;0.565807422;0.303059169;0.131133409
bta3_10;5;0.532315796;0.321219147;0.146465057
bta3_10;6;0.475742175;0.354292447;0.169965378
bta3_10;7;0.459770071;0.370975058;0.169254871
bta3_10;8;0.52360849;0.330295076;0.146096434
bta3_10;9;0.5492469;0.350639372;0.100113728
bta3_10;10;0.538785796;0.374754278;0.086459926
bta3_10;11;0.597718149;0.308354279;0.093927572
bta3_10;12;0.608585774;0.295785658;0.095628568
bta5_c1;1;0.361697317;0.192850703;0.445451979
bta5_c1;2;0.352744715;0.231547052;0.415708233
bta5_c1;3;0.396363808;0.216231172;0.387405021
bta5_c1;4;0.314772289;0.22015794;0.465069771
bta5_c1;5;0.342922079;0.212105377;0.444972544
bta5_c1;6;0.32265819;0.22544098;0.45190083
bta5_c1;7;0.306071892;0.252037727;0.441890381
bta5_c1;8;0.320655503;0.228832704;0.450511793
bta5_c1;9;0.325757783;0.246591231;0.427650986
bta5_c1;10;0.368078329;0.223917818;0.408003853
bta5_c1;11;0.352491186;0.217731216;0.429777598
bta5_c1;12;0.353305512;0.202522802;0.444171686
